[0.79, 3.18, 7.54, 1.53, 5.17, 1.85, 1.37, 4.39, 2.59, 6.4, 6.39, 9.91, 4.77, 5.99, 3.5, 2.93, 0.88, 1.92, 4.73, 4.28, 2.19, 3.37, 6.15, 9.26, 4.91, 0.13, 4.4, 9.68, 3.62, 3.52, 7.98, 9.82, 6.26, 8.78, 9.83, 8.16, 6.7, 9.3, 2.71, 4.61, 1.58, 6.2, 3.92, 7.73, 1.21, 3.05, 4.38, 7.49, 7.9, 3.22, 0.65, 0.38, 3.9, 5.11, 1.85, 1.54, 7.25, 8.37, 7.17, 0.5, 2.08, 7.18, 0.48, 9.99, 7.03, 2.79, 7.62, 7.72, 9.61, 1.74, 9.84, 5.23, 2.41, 9.25, 7.95, 5.2, 5.02]


[2.22, 5.17, 4.13, 6.41, 2.46, 5.51, 7.81, 8.11, 0.94, 4.44, 6.83, 9.58, 6.5, 6.51, 8.52, 3.11, 4.8, 4.0, 0.53, 5.73, 7.26, 0.69, 2.85, 0.3, 5.72, 3.0, 6.87, 4.17, 8.43, 4.62, 1.18, 4.01, 9.08, 9.29, 3.93, 6.88, 1.94, 4.59, 9.71, 1.2, 7.01, 3.36, 5.06, 3.22, 6.25, 6.53, 0.53, 2.35, 5.46, 3.13, 9.88, 0.72, 1.73, 8.59, 6.31, 1.95, 2.69, 2.63, 1.53, 7.14, 7.48, 5.59, 4.23, 1.63, 1.8, 8.48, 5.35, 8.98, 4.91, 5.57, 7.0, 8.34, 8.19, 1.49, 6.77, 7.0, 9.9]


[3.1, 9.14, 3.73, 0.63, 1.84, 5.36, 7.85, 8.75, 9.3, 2.25, 5.05, 4.15, 6.71, 8.37, 0.11, 1.31, 6.24, 1.63, 1.36, 0.27, 1.24, 0.4, 6.64, 0.17, 2.69, 7.98, 0.71, 0.65, 9.49, 3.58, 0.88, 0.37, 7.34, 9.96, 2.69, 6.65, 9.18, 4.96, 8.44, 8.14, 4.46, 2.62, 2.57, 7.34, 1.34, 8.4, 9.91, 2.99, 8.46, 6.98, 6.32, 1.53, 6.5, 7.5, 5.18, 4.25, 5.9, 6.01, 6.06, 6.74, 6.61, 9.15, 0.56, 4.29, 7.63, 4.72, 5.98, 0.69, 7.92, 4.48, 6.47, 3.22, 0.7, 2.7, 2.06, 2.83, 4.21]








colour =  [0.33, 1.68, 2.2, 2.36, 2.87, 0.29, 0.27, 2.94, 0.81, 0.22, 2.59, 1.06]


acidity = [[4.08, 0.71, 10.43, 11.05, 12.23, 12.62, 11.42, 3.1, 5.87, 2.46, 1.12, 0.82, 3.16, 1.2, 1.47, 14.7, 11.84, 6.2, 6.72, 6.81, 4.59, 13.81, 6.69, 9.31, 7.69, 5.69, 2.5, 3.11, 2.16]]